x =

  -0.858467
   0.546608
  -1.391290
   0.013785
  -2.602971
  -4.008046
  -2.070147
  -3.475223
  -3.668617
  -5.073693
  -4.201441
  -5.606516
   0.207180
   1.612255
  -1.391290
   0.013785

x =

   0.2976598
   0.6333484
   0.1992019
   0.5034462
   0.0689475
   0.0178446
   0.1120324
   0.0300255
   0.0248771
   0.0062203
   0.0147531
   0.0036604
   0.5516105
   0.8337242
   0.1992019
   0.5034462

f =

   0.2976598
   0.6333484
   0.1992019
   0.5034462
   0.0689475
   0.0178446
   0.1120324
   0.0300255
   0.0248771
   0.0062203
   0.0147531
   0.0036604
   0.5516105
   0.8337242
   0.1992019
   0.5034462

x =

   0.3533373
   1.0033431
   0.2221464
   0.7000635
   0.0714396
   0.0180058
   0.1188200
   0.0304855
   0.0251917
   0.0062398
   0.0148630
   0.0036671
   0.5949131
   0.1818526
   1.6134365
   0.6862784

x =  5.6441
J =  0.35276
r =

   2.99539
   0.28390
   1.97424

r =

   0.00000
   0.28390
   1.97424

r =  2.2581
r =  0.14113
r =  0.014113
J =  0.35981
f =

   0.2976598
   0.6333484
   0.1992019
   0.5034462
   0.0689475
   0.0178446
   0.1120324
   0.0300255
   0.0248771
   0.0062203
   0.0147531
   0.0036604
  -0.4483895
  -0.1662758
  -0.8007981
  -0.4965538

f =

   1.9878e-11
  -5.3282e-02
   1.4051e-01

f =

   1.2424e-12
  -3.3301e-03
   8.7817e-03

d =

  -1.73072
   0.53282
  -1.40508

grad =

   1.2424e-12
  -2.3418e-11
  -7.3999e-11

x =

  -0.858467
   0.546608
  -1.391290
   0.013785
  -2.602971
  -4.008046
  -2.070147
  -3.475223
  -3.668617
  -5.073693
  -4.201441
  -5.606516
   0.207180
   1.612255
  -1.391290
   0.013785

x =

   0.2976598
   0.6333484
   0.1992019
   0.5034462
   0.0689475
   0.0178446
   0.1120324
   0.0300255
   0.0248771
   0.0062203
   0.0147531
   0.0036604
   0.5516105
   0.8337242
   0.1992019
   0.5034462

f =

   0.2976598
   0.6333484
   0.1992019
   0.5034462
   0.0689475
   0.0178446
   0.1120324
   0.0300255
   0.0248771
   0.0062203
   0.0147531
   0.0036604
   0.5516105
   0.8337242
   0.1992019
   0.5034462

x =

   0.3533373
   1.0033431
   0.2221464
   0.7000635
   0.0714396
   0.0180058
   0.1188200
   0.0304855
   0.0251917
   0.0062398
   0.0148630
   0.0036671
   0.5949131
   0.1818526
   1.6134365
   0.6862784

x =  5.6441
J =  0.35276
r =

   2.99539
   0.28390
   1.97424

r =

   0.00000
   0.28390
   1.97424

r =  2.2581
r =  0.14113
r =  0.014113
J =  0.35981
f =

   0.2976598
   0.6333484
   0.1992019
   0.5034462
   0.0689475
   0.0178446
   0.1120324
   0.0300255
   0.0248771
   0.0062203
   0.0147531
   0.0036604
  -0.4483895
  -0.1662758
  -0.8007981
  -0.4965538

f =

   4.2820e-10
  -5.3282e-02
   1.4051e-01

f =

   2.6762e-11
  -3.3301e-03
   8.7817e-03

d =

  -1.73072
   0.53282
  -1.40508

grad =

   2.6762e-11
  -6.9608e-11
  -1.2639e-10

x =

  -0.858467
   0.546608
  -1.391290
   0.013785
  -2.602971
  -4.008046
  -2.070147
  -3.475223
  -3.668617
  -5.073693
  -4.201441
  -5.606516
   0.207180
   1.612255
  -1.391290
   0.013785

x =

   0.2976598
   0.6333484
   0.1992019
   0.5034462
   0.0689475
   0.0178446
   0.1120324
   0.0300255
   0.0248771
   0.0062203
   0.0147531
   0.0036604
   0.5516105
   0.8337242
   0.1992019
   0.5034462

f =

   0.2976598
   0.6333484
   0.1992019
   0.5034462
   0.0689475
   0.0178446
   0.1120324
   0.0300255
   0.0248771
   0.0062203
   0.0147531
   0.0036604
   0.5516105
   0.8337242
   0.1992019
   0.5034462

x =

   0.3533373
   1.0033431
   0.2221464
   0.7000635
   0.0714396
   0.0180058
   0.1188200
   0.0304855
   0.0251917
   0.0062398
   0.0148630
   0.0036671
   0.5949131
   0.1818526
   1.6134365
   0.6862784

x =  5.6441
J =  0.35276
r =

   2.99539
   0.28390
   1.97424

r =

   0.00000
   0.28390
   1.97424

r =  2.2581
r =  0.14113
r =  0.014113
J =  0.35981
f =

   0.2976598
   0.6333484
   0.1992019
   0.5034462
   0.0689475
   0.0178446
   0.1120324
   0.0300255
   0.0248771
   0.0062203
   0.0147531
   0.0036604
  -0.4483895
  -0.1662758
  -0.8007981
  -0.4965538

f =

   4.6903e-10
  -5.3282e-02
   1.4051e-01

f =

   2.9315e-11
  -3.3301e-03
   8.7817e-03

d =

  -1.73072
   0.53282
  -1.40508

grad =

   2.9315e-11
  -7.4227e-11
  -1.3163e-10

x =

  -0.858467
   0.546608
  -1.391290
   0.013785
  -2.602971
  -4.008046
  -2.070147
  -3.475223
  -3.668617
  -5.073693
  -4.201441
  -5.606516
   0.207180
   1.612255
  -1.391290
   0.013785

x =

   0.2976598
   0.6333484
   0.1992019
   0.5034462
   0.0689475
   0.0178446
   0.1120324
   0.0300255
   0.0248771
   0.0062203
   0.0147531
   0.0036604
   0.5516105
   0.8337242
   0.1992019
   0.5034462

f =

   0.2976598
   0.6333484
   0.1992019
   0.5034462
   0.0689475
   0.0178446
   0.1120324
   0.0300255
   0.0248771
   0.0062203
   0.0147531
   0.0036604
   0.5516105
   0.8337242
   0.1992019
   0.5034462

x =

   0.3533373
   1.0033431
   0.2221464
   0.7000635
   0.0714396
   0.0180058
   0.1188200
   0.0304855
   0.0251917
   0.0062398
   0.0148630
   0.0036671
   0.5949131
   0.1818526
   1.6134365
   0.6862784

x =  5.6441
J =  0.35276
r =

   2.99539
   0.28390
   1.97424

r =

   0.00000
   0.28390
   1.97424

r =  2.2581
r =  0.14113
r =  0.014113
J =  0.35981
f =

   0.2976598
   0.6333484
   0.1992019
   0.5034462
   0.0689475
   0.0178446
   0.1120324
   0.0300255
   0.0248771
   0.0062203
   0.0147531
   0.0036604
  -0.4483895
  -0.1662758
  -0.8007981
  -0.4965538

f =

   4.7312e-10
  -5.3282e-02
   1.4051e-01

f =

   2.9570e-11
  -3.3301e-03
   8.7817e-03

d =

  -1.73072
   0.53282
  -1.40508

grad =

   2.9570e-11
  -7.4689e-11
  -1.3215e-10

x =

  -0.858467
   0.546608
  -1.391290
   0.013785
  -2.602971
  -4.008046
  -2.070147
  -3.475223
  -3.668617
  -5.073693
  -4.201441
  -5.606516
   0.207180
   1.612255
  -1.391290
   0.013785

x =

   0.2976598
   0.6333484
   0.1992019
   0.5034462
   0.0689475
   0.0178446
   0.1120324
   0.0300255
   0.0248771
   0.0062203
   0.0147531
   0.0036604
   0.5516105
   0.8337242
   0.1992019
   0.5034462

f =

   0.2976598
   0.6333484
   0.1992019
   0.5034462
   0.0689475
   0.0178446
   0.1120324
   0.0300255
   0.0248771
   0.0062203
   0.0147531
   0.0036604
   0.5516105
   0.8337242
   0.1992019
   0.5034462

x =

   0.3533373
   1.0033431
   0.2221464
   0.7000635
   0.0714396
   0.0180058
   0.1188200
   0.0304855
   0.0251917
   0.0062398
   0.0148630
   0.0036671
   0.5949131
   0.1818526
   1.6134365
   0.6862784

x =  5.6441
J =  0.35276
r =

   2.99539
   0.28390
   1.97424

r =

   0.00000
   0.28390
   1.97424

r =  2.2581
r =  0.14113
r =  0.014113
J =  0.35981
f =

   0.2976598
   0.6333484
   0.1992019
   0.5034462
   0.0689475
   0.0178446
   0.1120324
   0.0300255
   0.0248771
   0.0062203
   0.0147531
   0.0036604
  -0.4483895
  -0.1662758
  -0.8007981
  -0.4965538

f =

   4.7352e-10
  -5.3282e-02
   1.4051e-01

f =

   2.9595e-11
  -3.3301e-03
   8.7817e-03

d =

  -1.73072
   0.53282
  -1.40508

grad =

   2.9595e-11
  -7.4735e-11
  -1.3220e-10

x =

  -0.858467
   0.546608
  -1.391290
   0.013785
  -2.602971
  -4.008046
  -2.070147
  -3.475223
  -3.668617
  -5.073693
  -4.201441
  -5.606516
   0.207180
   1.612255
  -1.391290
   0.013785

x =

   0.2976598
   0.6333484
   0.1992019
   0.5034462
   0.0689475
   0.0178446
   0.1120324
   0.0300255
   0.0248771
   0.0062203
   0.0147531
   0.0036604
   0.5516105
   0.8337242
   0.1992019
   0.5034462

f =

   0.2976598
   0.6333484
   0.1992019
   0.5034462
   0.0689475
   0.0178446
   0.1120324
   0.0300255
   0.0248771
   0.0062203
   0.0147531
   0.0036604
   0.5516105
   0.8337242
   0.1992019
   0.5034462

x =

   0.3533373
   1.0033431
   0.2221464
   0.7000635
   0.0714396
   0.0180058
   0.1188200
   0.0304855
   0.0251917
   0.0062398
   0.0148630
   0.0036671
   0.5949131
   0.1818526
   1.6134365
   0.6862784

x =  5.6441
J =  0.35276
r =

   2.99539
   0.28390
   1.97424

r =

   0.00000
   0.28390
   1.97424

r =  2.2581
r =  0.14113
r =  0.014113
J =  0.35981
